4093704980015731532
8417419594343081788
2755397038306315605
5827869839611892451
4933988598510559529
1231028114138211706
3171635271398917605
1335330272252776125
2376943318150493938
4370358723770583814
2274270988529203586
3284572975707569855
7284693264621997529
7345834480939031644
2677160955744164369
4034433780089097882
1801939651610353810
4198728378207830397
9890303035566519917
7496413913358392288
519039689058468612
5017044323129605840
3234173476682203153
7740343756288222058
5159518781045968841
5443598901252210656
1902791822481090115
5750758761739067492
5387931471975137105
8302751215538182174
3471856133363198002
3669652810517997421
5414749977428144875
8634613305952913740
8328256543087230965
6870382394494263988
3697546382805090833
6924871733219824529
8458479207917014898
8362484190518972059
3909443808845483723
2160456302414569099
1057620814951855256
6673382093987706787
474596851152320570
9608886391991880946
6972031886366325582
4208506113336655676
8131621877188865892
7992447544001170193
2947456489675522540
9539384383992797482
4085711626303473989
9480199562940473244
2328812273823103455
4085126721558551250
6353760365037053790
446795860347439261
7639469385190109168
8816546120381032752
384807896831594336
2744090189023039724
2950552769081692680
6531278178357517912
6590352225143659639
6402508500542601236
2456505356290130049
3424911370991817294
9890206001109088116
8395132404836225720
7291711923446092892
564359992579973232
107328208333722778
1824964284547218918
9223445887610512761
9002704923597826731
4264008431876695992
6940646261370609088
5131303033148187989
563538090918577974
7257822559182207404
7918904551204826213
7071883081103966425
3524733197724352940
4543046871941601066
4497665958536455349
2436859398547118949
7100976614924266086
540278308789505055
3186142841907706692
971461414326493393
2168653975814934569
154699934233083208
6702409679294365051
3051902370878405483
6497292628570296342
7348552864520525625
8487322714745316546
8449960549399001998
5965654759474604480
9128909957368497644
3589951589369963193
9359464731136466381
5183300907730382813
9742118183242783914
6203876803267697271
6694280480099366974
3874129769409839580
5119423636890832947
3965221017853748042
9472696486234371001
5720905272780279073
3605391645918907417
6445735124048766182
6859471673238995034
8156423878349205931
637332418822568861
2097581000696241093
4502025828939552651
5078145743489051961
5084214606199564185
4361027802687508603
4515182191325601324
6882967442145470976
3253365340896541715
8453519654922564025
8235666559051855234
2834728023651801272
7543017500078800165
2336083372399308149
7433760933609754030
3081130975715534854
5190949392543211070
1243722457968518478
845918388341252145
1890134362918034432
1547686788623834410
2594979275583284142
4105640237863372513
3877848926442277320
3434419731944272818
5789775837329254648
2958736383090849519
8829733705785441963
8163566855365760584
9636629002406846015
1807582239184122854
3772044209935525103
4306185506980871942
4242983842108655841
3937397311917459869
8051546167450311287
2632576054194787764
4223948894645071491
2402807678116697891
695961698784405928
9470304734168723363
2912429227165243329
4879270669988254240
3558574129352910420
637674400175140333
7299511434366753632
9203069571588979943
1419215710012861001
107110735478676176
9842958968378809864
1413381116203444845
9520414811748860949
9105788672435807064
7593010428541654691
7406798627454967201
5922979042723626213
4378571011120504673
2355586810786656557
9454566637978620403
6868597933463361739
354061188131828409
2936956310730975190
5525734302832359888
999173740347540130
1599877977730514945
7596422008660990342
5201999737567865047
1958457065174075121
5052829074157721189
9256565853590068366
3418139420447160764
6475719082971796276
6043428462314155649
4919923856404211441
4721814884162222527
3252210096791466053
2458467582855749167
8782644640054821454
5652289551935772494
2295770202395213786
9679289442434903573
6794737064466903775
2206193051834228371
3584600664073112942
5243692266759641142
8764282813556942682
5801558422324845910
9184927684604044985
6752778176534468584
7185593543472721306
1859280600860120352
9912896535524666122
1695059876151166553
2894232127532976614
3894418262369588023
8148058522246521524
3307393265808752303
1813853932364561930
8494214526630482218
9224110064400979258
8212117204623020613
4739708739402755777
7264680438751356467
3805473567048321122
392126158798813814
7982894542090948356
3925837296907597775
1326192615857042308
9943146633867033098
2141594124340541007
6420080231104549349
5943415598854889050
2583447354459893191
7691492746956536539
4625612270424748241
3477344047933458352
6175031169635511047
2129146986826431161
4950688983498310731
3326668218724057696
9191256160856625224
7652876260924772998
4057865532087625753
2659587942948888076
2092241964723586658
3137190843723403088
2138124136690805488
7140383605745687558
7311749730165876774
120588172133230156
2696537113497590227
9547679864319780642
4082425566643514773
334300711685302324
2411819095667599640
4263256645907977855
9082289446445806379
7759991372885349579
8792515095354968950
6908313542999306975
4205563897360292
2659902540173576452
324061911073529172
8276110794027421588
7347846419221384151
4836359183128855097
5144848294343491946
8201921044835011925
2804325332489404336
7788182502295990221
3533634705060953381
8421202839596033521
2079469887599522908
4746892803391449552
2107478126992562201
9754465958129562868
5913731516799993028
5467923770629276763
309292834545636446
4812686271819227267
6812092270982035481
6088332813766789230
1992388333700854601
2352892842011780570
7286161168809336877
783345497658148303
4813793205208383955
591885197828205014
5045100089929338943
4629558507608765627
7339351772253634665
3318742286374464226
7300208341260654432
6134924563969287915
1758922016077424184
4546072870657374496
3601982412008475742
7878715576693424188
4372142086229460067
8661761667443806639
1920842762302336521
2820686602349269813
442651053638251432
6578541174967748183
5990891846781824161
123069658607283580
4527786513842834176
7636210891559363939
4073031188821032900
4182381936387553823
8511078368043970913
6156753454962352529
5473879016037527464
2972038914671670174
9993802122819321161
869794849523582939
2586055969714410599
5516073864015937547
428209760689798921
3705724264721363891
8366393460425077866
4705030645877429432
8509166577051799806
9981256532440719786
2903480096547872860
6196263558765806462
2909964003092305472
7748681853222499523
7744087110797959595
7081653319748833362
8283535472782509206
56438717282483718
6669084240607909842
4160400072329525818
7181156294994509296
7306846712420688244
9059129668054965359
1379738355365043770
815585661632258346
4952012430082994228
959450799347126009
7760992554847688701
7442168729338763815
7987229076466780644
7115644178100662921
7966143326445982798
1021769713566287049
9746471439308524415
3082547557052065360
5984593429307870347
7390673651816971056
387054804518982907
7777768882446130886
4072811142418829179
935521627566975072
8140503221792056410
1472602057778749407
9841452549882095759
7225165659050197517
6259549009048698178
3179347787097080579
1139174781477931818
8571855732535591186
6812089289251168575
4009177280258321910
5155064493203969095
4087533039490383120
3558607346217515334
216912141333088184
2112404743328250741
272511025998635877
2139537608723621887
1074112139640262606
638895093521184464
6152609271007174120
7212010128631755932
8213843223274507972
5308779141948310596
4778064546298422106
9098688645424881409
7620318360418152440
8696733401510829803
4528410739328945509
9141449664619289101
3406015867221423464
7659056077113988290
1341570216392148724
3544361663502686803
8705927278712997242
2126205352777327637
9884188525609490449
1561943277236378829
3486649099090555017
1196481383413375787
398975833074292671
6837649890639737382
161981545947036437
8504879557381555141
8236716011185027760
1804959839451169106
5404449740348619566
4495410863881284552
5238508905560052274
3995461703551698823
9388267805749449919
8582904970901973431
6328952637033429755
7702451314845788359
2108546927301574802
3519666339513480043
8842573629720611178
251072184847763527
3744413769583608273
8388442360044644623
4092846059997386642
3535004994331233521
7022521645691968997
930649452856445641
5438516617229317242
5660023341357452059
9276007427372909393
6436804392764292920
8340608446704113063
6576611918186807864
3256918753142533042
9560148439415257723
7854946982253243485
8559935597734796472
4850434501245325401
9439062430981385468
8773397393406796987
2139380052220341997
5836749588074820233
8305694166994705620
3399836601971693786
1667570324016784598
2714918554159818978
5796814808249119285
4117600149059491281
3093996181590109331
7896899131108566072
2628049450354130235
5272335775535476912
1642919282715843040
8624099423138495682
4119515883887939267
3533790677823893175
4157819970913912982
6180676589198738535
7945045308308084630
6515505396778146711
1164194216282882459
113484511496878417
3063962698930347194
7339244680927885599
8112204537175382700
491411368496528379
9463374724793262080
7471274958618181303
4774949594369939027
2311008213142391704
9409663924476756041
553072449254321539
7137629300178855672
2010705070285710127
4342524122922118281
778402272433897680
1409784885615232595
6953329669667166573
6195536153179630920
9628448900541363045
5130386856348339840
2425248913195510944
4130665955894095078
7130559320186984479
5414422760144789147
5740553842151884034
8627176688217422828
417977281447429513
5552915361125318407
5923083328648459174
116587780770859311
1575134432779027840
8491785485449705772
3410880502706850704
6689500136965179582
2813573005311629666
5492311269619465993
8224510361598421778
441094968949766488
5056992433117169279
1024368367178434913
3561671412118316637
9336700064440477818
5244358660509008978
7630149241390387439
2388622561294876949
2479270780814758749
8709897069760608443
9913726013986377488
1871961125125622443
7009135067876495472
4710397856571604777
6531353119415957746
8596081738202453630
1833562748037619758
261490458254444443
6472261766686117997
334558995292929832
5214378358982404214
2199681091167762016
8953128037803127812
7963104097567188755
4048854519200071486
347617160473573065
5852682216454478831
8215375432373744474
2519787839754464929
8646157682194917238
3883340821942578335
6627738791828605229
5233496646163972316
8507153633108101433
1620415188223035538
9165197727815301860
6489699638933177524
1914700000478613661
4739988951239572396
8861051412196828503
2755520722206905400
7665558911355379719
1417046500998917154
2390282534637866303
3689760129485585261
6024559246659365602
5489427613038555235
7681180839103128045
5723407604627356062
6975713866971113621
8437940116170693531
9975748892313818079
9178052709940001987
2423848409175713241
5477904286274792079
8269761384144569622
8849012185281677494
9911698422643027606
5471865127734272675
6598980465982113027
8302072702322028317
7099683512412503879
2077014363376050387
895581362681208809
3381173913067671325
5760802184954765001
3878502650985724005
8009856973492451164
3421919030699486548
438221075347030501
1261463708582609133
7252708666189308226
5541337261331738716
3126086485668402979
6529373325899453125
8686110498658927201
5108700183557116155
542379215148836528
7432909632314790557
7491853464636033028
5750361047337293446
8494296058773827680
8031848865054120148
2589940446821865268
4873634395249604150
552853601669384072
6412525880331304297
4495374215957249795
4739818064117434129
2708003567563021110
5532368297562443986
822551548581393659
1810283857720577116
3421622200117343365
6618037920391043833
3714113414488811076
62853210790143009
4595724487148573597
9031368724199869977
6070715524867369084
8321136820377306953
4065657561172831678
7941653746950519671
9669636698055735487
4745839031650486801
9622889612500293099
3384404577729816270
3774712838848603706
155140074076041416
1533058506376583953
6460367221103928401
9850433688834153582
7370676612331739028
1669955909423361838
1760329854911273524
4425941880826825897
6231485569976338484
7282136114946795913
9901328868643028459
7915862053665488799
9567192651315456360
9115268261013187921
7481175541729304135
9804677481561895133
1257744059572917630
8622513278601171986
1985995050127070543
5118962038335466632
2751727507170067694
5368859079553003731
8098823909470521100
6044762868997792993
6296719330637079530
8851128550000157293
8216060926853815284
9462117435286377700
3112779584049529384
2362177939549785832
3594600789936309969
2403732349208467343
6949686808500324067
8921043510186170018
2280707567884430886
3887697613905550588
1450974686748262380
5577387766851331077
5314101097964600272
678839006796415165
8779245107458501494
3613540707706424113
6735368864267798696
7802892931739944482
4223615968111084999
5210158565564386600
3520678156786345031
7554904530192494970
9836584579615843689
273283028586877150
8370386231270616634
3627548299011394424
1826171379796099815
7297402648729006769
4729971391225472933
2274777037005574349
7745901318466591931
9813999444818418580
9963245901856693791
2596261994341593979
5998374101618750847
248657697794238081
8970050379997605163
1280589262966639544
4922548469932495749
7019725704873150727
5066897535250827964
955948249985201074
2279503833718120970
4212784435149902441
8363807930992659569
2380125975455111890
8314577744922210031
8995354730200456904
9797744942661860888
2249382654027982508
2069785848987539654
4992932899832809414
6029350659558389958
7218378343491189390
2149472458403439294
1962052965109272742
5613403143079730615
5917253763227953312
2802109912623364989
1927557749861828211
4653363503823997591
7775412245174052206
8039064007078682744
5725606910924594281
9646181118882982390
8156989738535885036
7309605520298737837
2263300827510628538
2910183906887692979
729372717306138558
6367359736631413527
3889987036265396740
7045297705187756353
3349892539629639356
2950627606476621382
1785896145566952289
2171253839297580671
8488708372392871065
662543843679932040
8641518948359438048
3480192487461251906
6495962320222694052
8505105083632886014
4732340651787942035
1826944605359349928
3257527383233015635
9474024984076526122
1057407548043263017
2986985539209258043
506114810718682283
4980952782541963740
1150204198230738834
6244408173135994781
4903203931994779909
8499699387949218411
127388055456037831
9533580699664423993
145612656806302183
550161369557481360
7726280313032399227
3298744762635165323
6414086584291597347
40642505035640600
4158628996656759049
7878248128598446906
6693153428403264751
828312885243143772
268493550445199168
1970839484005781147
9451506627272582690
8444323043785689560
8492823362363762119
5874218884552827736
8964578673610395532
8834983825907519868
9666703583315383635
1964350991048264224
5039222512152587729
1672558768909810758
7727338354702847114
7482203129002706048
6428144816122408433
3566335146245840730
1197577935616337603
5597705015972964680
2018648002528816838
1154888098738398356
9574499801413809371
2518622361272836018
9178110828105048546
1797894571679805867
5269754826508692265
1270940169268458959
3615151645024340169
6957592293982385288
6223407608384953798
3094718835049964387
2491596318772258308
7783296761850074332
967425846447954986
8501535619641894370
499947926465405570
3363529260881414438
7832351609730390828
1327879483563294250
2126509679912812805
9755872134598432102
5086125069613684099
7333565311119869001
7384091456091910690
2405999665146243597
4467001246761726681
8853877543996363594
1290785322242382417
8877373084040898228
3516170906009562219
6475380341511664621
435873716406330649
9986910743234233980
6256860705478565509
7589692527695864043
8733834501592180813
3459728889505516909
5872889375465736338
6858565349356657365
9243130080797369846
2643366762187447271
8029578612003581290
5523071831626563272
5099115791262034373
4816988746669337829
92128792625399144
3206642356754874479
4459794754486915705
9836343606714361738
7647588073439110520
4254655778341830009
9350552515553901655
7111879514949395554
6988540868042059277
450069316677751994
6643409126547870518
3799341667597976022
1584243709688937261
4688277934226433633
7525240641950179124
8076225956788823962
4587326538702323818
2232542217529126807
7153606079458795724
1756802740549942172
7012930763360877050
5805466786499700018
8365756646161610639
8953736019337464858
4160764060929347547
4387299085863927072
1638423314108108733
3779499780238792995
6777624167187907099
7458926943183189768
4879469810431049607
4433540746521293502
8282585288695064750
1041704048078266597
2034444240677430435
4343565583330435838
522951730823605700
5477067803589375932
1423886368847538512
6135763993988220143
3853287150436388792
5990928109117340545
5537119028937589547
9236201932699626145
1725760142926307423
1273016737363243005
154332016476045869
2925925112746584181
6910656015169925084
9149009943026585331
5759309396023002365
9261958315898932315
4259960159969282974
9217305348141392863
4245439426267953747
9315864971905570427
9093650632180877489
3462075288503348196
7574899109657130213
5100641018996530538
4373498620582716399
7987988327028685247
7554528409402163598
3940044194008573604
1865880399627176502
5432882504745640689
1413992115784811195
2028662188379950850
5594247670957828075
7923398425449318032
8863056385445226155
6208362642293311757
2807037937463155358
4236931277760499720
1156668135518120446
6688159809094137066
2241641453203828985
5303968774914155365
432304301069892821
1606430710987557938
8733875471581233786
2614576351855568354
7629290800566826944
5668588062293743743
4685642083604361547
7246973355534164908
2075422072427729458
3661376467477143936
3534069811682868213
5594708966628951684
4381088790145493998
2953281315507019579
1555970238600277701
5890342303086562277
9009828659216983806
930890581200357170
9156568807720463538
7015440730141583578
1949725050124317199
3180220530117469054
7966232786319922062
5843855443606361538
8265411365351283877
6027960106477076995
8616408249532309107
3889600852037313863
3380200930201013977
5023501248633241204
7033707803670184727
9092224750774736271
8609029301903166463
8499767303161960278
4991208441421864919
471563445059044953
9305909490501845946
9659891056693340600
7840055333423957537
124940946562333475
1562033767171700834
8660387405076687774
7929227836508267158
4984253778685096733
246281372812318945
7703134687871096795
4371533588371459638
5355062356895718835
4941063619185172018
9557250430063207902
1278387651331527638
8922766641128976378
3544074239111065954
7817123710618910010
1943886018299060554
4078355548008445777
1434518145642743114
3202827339703938722
8077936466703414540
4362041141789672306
1078286683618819721
4118020845241051524
6307826981958444130
8460834580812239311
188628950055178084
7574536991391418023
9842080572253226529
9390311465037578403
5315970253828858402
6793335799538210672
6704584945437572128
9574667694803573052
3083177775356632666
4954096951489218955
4531872219048467764
6762700203535158240
9890808250704027703
2246767281446497045
3686743879261422856
710738335061883184
9244706068325832073
1910084385312386479
2779975817500375054
5265166779036576992
96486252395266107
3677872406221661617
7312792090372669410
5100018628979818036
6594791260889235154
5924028408604911043
692883819737040636
1104115249473118781
5908254082941837336
3478139473168955788
7795169025425335621
5175156983080661024
7830582490572432585
3831544506855014711
3390045555254100130
1582388928103203446
5530977892532306441
7397940025180932037
7540675925989509010
9356720050642114111
1517707967658332889
7249957756715274488
1346198648406806460
2270113887468402216
2194603492189975391
3544363446245813748
8452205756989298870
9280170778351887568
9057304997205240488
2119740739617565207
40209374691858164
5239537871840771738
2433222144551763745
5243173973697696165
7407317018243809605
8831495038782396229
919842950817149069
6948907154475811006
3477497127009026012
2222743535193436022
2980899558781381162
5523088375043026373
3449091228981644585
1556712250801485953
367000130888418456
3682478210068400300
8317671987550433033
2788771625898142097
